13 13 13 13 13 13 13 13 13 13 13 13 13 13 13 13 13 13 13 13 13 13 13 13 13 13 13 13 13 13 13 13 13 13 13 13 13 13 13 13 13 13 13 13 13 13 13 13 13 13 13 13 13 13 13 13 13 13 13 13 13 13 13 13 13 13 13 13 13 13 13 13 13 13 13 13 13 13 13 13 13 13 13 13 13 13 13 13 13 13 13 13 13 13 13 13 13 13 13 13 
13 13 13 13 13 13 13 13 13 13 13 13 13 13 13 13 13 13 13 13 13 13 13 13 13 13 13 13 13 13 13 13 13 13 13 13 13 13 13 13 13 13 13 13 13 13 13 13 13 13 13 13 13 13 13 13 13 13 13 13 13 13 13 13 13 13 13 13 13 13 13 13 13 13 13 13 13 13 13 13 13 13 13 13 13 13 13 13 13 13 13 13 13 13 13 13 13 13 13 13 
13 13 13 13 13 13 13 13 13 13 13 13 13 13 13 13 13 13 13 13 13 13 13 13 13 13 13 13 13 13 13 13 13 13 13 13 13 13 13 13 13 13 13 13 13 13 13 13 13 13 13 13 13 13 13 13 13 13 13 13 13 13 13 13 13 13 13 13 13 13 13 13 13 13 13 13 13 13 13 13 13 13 13 13 13 13 13 13 13 13 13 13 13 13 13 13 13 13 13 13 
13 13 13 13 13 13 13 13 13 13 13 13 13 13 13 13 13 13 13 13 13 13 13 13 13 13 13 13 13 13 13 13 13 13 13 13 13 13 13 13 13 13 13 13 13 13 13 13 13 13 13 13 13 13 13 13 13 13 13 13 13 13 13 13 13 13 13 13 13 13 13 13 13 13 13 13 13 13 13 13 13 13 13 13 13 13 13 13 13 13 13 13 13 13 13 13 13 13 13 13 
13 13 13 13 13 13 13 13 13 13 13 13 13 13 13 13 13 13 13 13 13 13 13 13 13 13 13 13 13 13 13 13 13 13 13 13 13 13 13 13 13 13 13 13 13 13 13 13 13 13 13 13 13 13 13 13 13 13 13 13 13 13 13 13 13 13 13 13 13 13 13 13 13 13 13 13 13 13 13 13 13 13 13 13 13 13 13 13 13 13 13 13 13 13 13 13 13 13 13 13 
13 13 13 13 13 13 13 13 13 13 13 13 13 13 13 13 13 13 13 13 13 13 13 13 13 13 13 13 13 13 13 13 13 13 13 13 13 13 13 13 13 13 13 13 13 13 13 13 13 13 13 13 13 13 13 13 13 13 13 13 13 13 13 13 13 13 13 13 13 13 13 13 13 13 13 13 13 13 13 13 13 13 13 13 13 13 13 13 13 13 13 13 13 13 13 13 13 13 13 13 
13 13 13 13 13 13 13 13 13 13 13 13 13 13 13 13 13 13 13 13 13 13 13 13 13 13 13 13 13 13 13 13 13 13 13 13 13 13 13 13 13 13 13 13 13 13 13 13 13 13 13 13 13 13 13 13 13 13 13 13 13 13 13 13 13 13 13 13 13 13 13 13 13 13 13 13 13 13 13 13 13 13 13 13 13 13 13 13 13 13 13 13 13 13 13 13 13 13 13 13 
13 13 13 13 13 13 13 13 13 13 13 13 13 13 13 13 13 13 13 13 13 13 13 13 13 13 13 13 13 13 13 13 13 13 13 13 13 13 13 13 13 13 13 13 13 13 13 13 13 13 13 13 13 13 13 13 13 13 13 13 13 13 13 13 13 13 13 13 13 13 13 13 13 13 13 13 13 13 13 13 13 13 13 13 13 13 13 13 13 13 13 13 13 13 13 13 13 13 13 13 
13 13 13 13 13 13 13 13 13 13 13 13 13 13 13 13 13 13 13 13 13 13 13 13 13 13 13 13 13 13 13 13 13 13 13 13 13 13 13 13 13 13 13 13 13 13 13 13 13 13 13 13 13 13 13 13 13 13 13 13 13 13 13 13 13 13 13 13 13 13 13 13 13 13 13 13 13 13 13 13 13 13 13 13 13 13 13 13 13 13 13 13 13 13 13 13 13 13 13 13 
13 13 13 13 13 13 13 13 13 13 13 13 13 13 13 13 12 20 20 20 20 20 20 20 20 20 20 20 20 20 20 20 20 20 20 20 20 20 20 20 20 20 20 20 20 20 20 20 20 20 20 20 20 20 20 20 20 20 20 20 20 20 20 20 20 20 20 20 20 20 20 20 20 20 20 20 20 20 20 20 20 20 20 23 13 13 13 13 13 13 13 13 13 13 13 13 13 13 13 13 
13 13 13 13 13 13 13 13 13 13 13 13 13 13 13 13 18 65 65 65 65 65 65 65 65 65 65 65 65 65 65 65 65 65 65 65 65 65 65 65 65 65 65 65 65 65 65 65 65 65 65 65 65 65 65 65 65 65 65 65 65 65 65 65 65 65 65 65 65 65 65 65 65 65 65 65 65 65 65 65 65 65 65 17 13 13 13 13 13 13 13 13 13 13 13 13 13 13 13 13 
13 13 13 13 13 13 13 13 13 13 13 13 13 13 13 13 18 65 66 66 66 66 66 66 66 31 66 66 66 66 66 66 66 66 66 66 66 66 66 66 66 30 10 10 10 10 10 10 10 10 10 10 68 68 10 67 10 10 10 10 10 10 10 10 10 10 67 10 10 10 10 10 10 10 10 10 10 10 10 10 68 67 64 17 13 13 13 13 13 13 13 13 13 13 13 13 13 13 13 13 
13 13 13 13 13 13 13 13 13 13 13 13 13 13 13 13 18 65 66 66 66 66 66 66 66 31 66 66 66 66 66 66 66 66 66 66 66 66 66 66 66 30 67 10 10 10 10 10 10 10 68 10 68 67 10 10 10 10 10 10 10 10 10 10 10 10 10 10 10 10 10 10 10 10 68 10 10 10 10 10 10 68 64 17 13 13 13 13 13 13 13 13 13 13 13 13 13 13 13 13 
13 13 13 13 13 13 13 13 13 13 13 13 13 13 13 13 18 65 66 66 66 66 66 66 66 29 66 66 29 29 29 29 29 29 29 29 29 29 29 66 66 30 10 10 10 10 10 67 68 68 67 10 68 68 10 10 10 10 67 10 10 10 67 10 10 10 10 10 10 10 10 68 10 68 67 68 10 10 68 10 10 10 64 17 13 13 13 13 13 13 13 13 13 13 13 13 13 13 13 13 
13 13 13 13 13 13 13 13 13 13 13 13 13 13 13 13 18 65 66 66 66 66 66 66 66 29 66 66 29 27 27 27 27 27 27 27 27 27 29 66 66 30 10 10 10 10 10 10 67 10 10 10 68 67 10 10 10 10 10 10 10 10 10 10 10 10 68 68 68 10 68 67 10 10 10 10 10 10 67 68 10 10 64 17 13 13 13 13 13 13 13 13 13 13 13 13 13 13 13 13 
13 13 13 13 13 13 13 13 13 13 13 13 13 13 13 13 18 65 66 66 66 66 66 66 66 29 66 66 29 27 27 27 27 27 27 27 27 27 70 66 66 30 10 10 10 10 10 10 10 10 10 10 10 68 68 68 10 10 10 10 10 10 10 10 10 10 68 67 68 10 10 10 10 68 10 10 10 10 10 10 10 68 64 17 13 13 13 13 13 13 13 13 13 13 13 13 13 13 13 13 
13 13 13 13 13 13 13 13 13 13 13 13 13 13 13 13 18 65 66 66 66 66 66 66 66 29 29 29 29 27 27 29 29 29 29 29 27 27 70 66 66 30 10 10 10 10 10 10 10 10 10 10 10 10 68 67 10 10 10 10 10 10 10 68 68 10 10 10 10 10 10 10 68 67 68 10 10 10 10 10 68 67 64 17 13 13 13 13 13 13 13 13 13 13 13 13 13 13 13 13 
13 13 13 13 13 13 13 13 13 13 13 13 13 13 13 13 18 65 66 66 66 66 27 27 27 27 27 27 27 27 27 29 66 66 66 29 27 27 28 66 66 30 10 10 10 10 10 67 10 10 10 10 10 10 10 10 10 10 10 10 10 10 10 67 68 10 10 10 68 68 68 10 10 10 10 10 10 10 10 10 10 10 64 17 13 13 13 13 13 13 13 13 13 13 13 13 13 13 13 13 
13 13 13 13 13 13 13 13 13 13 13 13 13 13 13 13 18 65 66 66 70 28 27 27 27 27 27 27 27 27 27 29 66 66 66 29 27 27 28 66 66 30 10 10 10 10 10 10 10 10 10 10 10 10 68 68 10 10 10 10 68 68 10 10 10 10 10 10 68 67 68 10 10 10 10 10 10 10 67 10 10 10 64 17 13 13 13 13 13 13 13 13 13 13 13 13 13 13 13 13 
13 13 13 13 13 13 13 13 13 13 13 13 13 13 13 13 18 65 66 66 70 28 27 27 66 29 29 29 29 29 29 29 29 29 29 29 27 27 29 29 66 30 10 10 10 10 10 10 10 10 10 10 10 68 68 67 10 10 10 10 68 67 10 10 10 68 68 10 10 10 10 68 68 10 10 10 10 10 10 10 10 10 64 17 13 13 13 13 13 13 13 13 13 13 13 13 13 13 13 13 
13 13 13 13 13 13 13 13 13 13 13 13 13 13 13 13 18 65 66 66 70 28 27 27 66 29 27 29 66 27 27 27 27 27 27 27 27 27 29 29 66 30 67 10 10 10 10 10 10 10 10 10 10 67 10 10 10 10 10 10 68 10 10 10 10 68 67 10 10 10 10 67 68 10 10 10 10 68 68 10 10 10 64 17 13 13 13 13 13 13 13 13 13 13 13 13 13 13 13 13 
13 13 13 13 13 13 13 13 13 13 13 13 13 13 13 13 18 65 66 66 70 28 27 27 66 29 27 29 66 27 27 27 27 27 27 27 27 27 29 29 66 30 10 10 10 10 10 10 10 10 10 10 10 10 10 10 10 10 10 10 67 10 10 68 10 10 10 10 10 10 10 10 10 10 10 10 10 68 67 10 10 10 64 17 13 13 13 13 13 13 13 13 13 13 13 13 13 13 13 13 
13 13 13 13 13 13 13 13 13 13 13 13 13 13 13 13 18 65 66 66 28 28 28 28 66 29 27 29 66 27 27 29 29 29 29 29 29 29 29 29 66 30 10 10 10 67 10 10 10 10 10 10 10 10 10 68 68 10 10 10 10 10 68 67 68 10 10 10 10 10 10 10 10 10 10 10 10 10 10 10 68 68 68 17 13 13 13 13 13 13 13 13 13 13 13 13 13 13 13 13 
13 13 13 13 13 13 13 13 13 13 13 13 13 13 13 13 18 65 66 66 66 66 66 66 66 29 27 27 27 27 27 66 66 66 66 66 66 66 66 66 66 30 10 10 10 10 10 10 10 10 10 10 10 10 10 67 68 10 10 10 10 10 10 10 10 10 10 10 10 10 10 10 10 10 10 10 10 10 10 10 10 67 64 17 13 13 13 13 13 13 13 13 13 13 13 13 13 13 13 13 
13 13 13 13 13 13 13 13 13 13 13 13 13 13 13 13 18 65 30 30 30 30 30 30 30 30 27 27 30 30 30 30 30 30 30 66 66 66 66 66 30 30 30 30 30 30 30 30 30 30 30 30 30 30 30 30 30 30 30 30 30 30 30 30 30 30 30 30 30 30 30 30 30 30 30 30 30 30 34 34 34 30 64 17 13 13 13 13 13 13 13 13 13 13 13 13 13 13 13 13 
13 13 13 13 13 13 13 13 13 13 13 13 13 13 13 13 18 65 10 66 66 66 66 66 66 66 27 27 66 66 66 66 66 66 66 66 66 66 66 66 66 30 34 34 34 34 34 31 34 34 34 34 34 31 66 34 31 34 34 31 34 34 31 34 34 31 66 66 31 34 34 31 34 34 31 34 34 31 34 34 34 34 64 17 13 13 13 13 13 13 13 13 13 13 13 13 13 13 13 13 
13 13 13 13 13 13 13 13 13 13 13 13 13 13 13 13 18 65 10 28 10 10 10 10 10 10 27 27 10 10 10 10 10 10 10 10 10 70 10 10 10 30 34 34 34 34 34 31 34 34 34 34 34 31 34 34 31 34 34 34 34 34 31 34 34 34 34 34 31 66 34 34 34 34 31 34 34 34 34 34 34 34 64 17 13 13 13 13 13 13 13 13 13 13 13 13 13 13 13 13 
13 13 13 13 13 13 13 13 13 13 13 13 13 13 13 13 18 65 10 28 10 10 10 10 10 10 27 27 10 10 10 10 10 10 10 10 10 10 10 10 10 30 34 34 31 34 34 31 34 34 31 34 34 31 34 34 31 34 34 34 34 34 31 34 34 34 34 34 31 34 34 34 34 34 31 34 34 34 34 34 34 34 64 17 13 13 13 13 13 13 13 13 13 13 13 13 13 13 13 13 
13 13 13 13 13 13 13 13 13 13 13 13 13 13 13 13 18 65 10 28 10 10 10 10 10 10 27 27 10 10 10 10 10 10 10 10 10 10 10 10 10 30 34 34 31 34 34 31 34 34 31 34 34 31 34 34 31 34 34 31 34 34 31 34 34 31 34 34 31 34 34 31 34 34 31 34 34 31 34 34 34 34 64 17 13 13 13 13 13 13 13 13 13 13 13 13 13 13 13 13 
13 13 13 13 13 13 13 13 13 13 13 13 13 13 13 13 18 65 10 10 10 10 10 10 10 10 27 27 10 10 10 10 10 10 10 10 10 10 10 10 10 30 34 34 30 34 34 30 34 34 30 30 30 30 30 30 30 34 34 30 34 34 30 34 34 30 34 34 30 34 34 30 34 34 30 34 34 30 30 30 30 30 64 17 13 13 13 13 13 13 13 13 13 13 13 13 13 13 13 13 
13 13 13 13 13 13 13 13 13 13 13 13 13 13 13 13 18 65 10 70 70 10 10 10 10 10 27 27 10 10 10 10 10 10 10 10 10 10 10 10 10 30 34 34 31 34 34 31 34 34 34 34 34 31 34 34 31 34 34 31 34 34 31 34 34 31 34 34 31 34 34 31 34 34 31 34 34 31 34 34 34 34 64 17 13 13 13 13 13 13 13 13 13 13 13 13 13 13 13 13 
13 13 13 13 13 13 13 13 13 13 13 13 13 13 13 13 18 65 10 28 28 10 10 10 10 10 27 27 10 10 10 10 10 10 10 10 10 10 10 10 10 30 34 34 31 34 34 31 34 34 34 34 34 31 34 34 34 34 34 31 34 34 34 34 34 31 34 34 34 34 34 31 34 34 31 34 34 34 34 34 34 34 64 17 13 13 13 13 13 13 13 13 13 13 13 13 13 13 13 13 
13 13 13 13 13 13 13 13 13 13 13 13 13 13 13 13 18 65 10 10 10 10 10 10 10 10 27 27 10 10 10 10 10 10 10 10 10 10 10 10 10 30 34 34 30 34 34 34 34 34 31 34 34 31 34 34 34 34 34 31 34 34 34 34 34 31 34 34 34 34 34 31 34 34 31 34 34 34 34 34 34 34 64 17 13 13 13 13 13 13 13 13 13 13 13 13 13 13 13 13 
13 13 13 13 13 13 13 13 13 13 13 13 13 13 13 13 18 65 10 10 10 10 10 10 10 10 27 27 10 10 10 10 10 10 10 10 10 10 10 10 10 30 34 34 30 34 34 34 34 34 31 34 34 31 34 34 31 66 66 31 34 34 31 34 34 31 34 34 31 66 66 31 34 34 31 34 34 31 34 34 34 34 64 17 13 13 13 13 13 13 13 13 13 13 13 13 13 13 13 13 
13 13 13 13 13 13 13 13 13 13 13 13 13 13 13 13 18 65 27 27 27 27 27 27 27 27 27 27 27 27 27 27 27 27 27 27 27 27 27 27 27 30 34 34 30 30 30 30 34 34 30 30 30 30 34 34 30 30 30 30 30 30 30 34 34 30 30 30 30 30 30 30 34 34 30 30 30 30 30 34 34 30 64 17 13 13 13 13 13 13 13 13 13 13 13 13 13 13 13 13 
13 13 13 13 13 13 13 13 13 13 13 13 13 13 13 13 18 65 27 27 27 27 27 27 27 27 27 27 27 27 27 27 27 27 27 27 27 27 27 27 27 30 34 34 31 34 34 31 34 34 31 34 34 31 34 34 31 66 66 31 34 66 31 34 34 31 66 66 31 34 34 31 34 34 31 66 66 31 66 34 34 66 64 17 13 13 13 13 13 13 13 13 13 13 13 13 13 13 13 13 
13 13 13 13 13 13 13 13 13 13 13 13 13 13 13 13 18 65 10 10 10 10 10 10 10 10 27 27 10 10 68 10 10 10 10 10 10 31 31 31 31 30 34 34 31 34 34 31 34 34 31 34 34 34 34 34 31 66 66 31 34 34 34 34 34 31 66 66 31 34 34 31 34 34 31 66 66 31 66 34 34 66 64 17 13 13 13 13 13 13 13 13 13 13 13 13 13 13 13 13 
13 13 13 13 13 13 13 13 13 13 13 13 13 13 13 13 18 65 10 10 10 67 10 10 67 10 27 27 10 10 68 10 10 10 10 10 67 68 31 31 31 30 34 34 31 34 34 31 34 34 31 34 34 34 34 34 31 66 66 31 34 34 34 30 30 31 66 66 31 34 34 34 34 34 31 66 66 31 66 34 34 66 64 17 13 13 13 13 13 13 13 13 13 13 13 13 13 13 13 13 
13 13 13 13 13 13 13 13 13 13 13 13 13 13 13 13 18 65 10 10 10 10 10 10 10 10 27 27 10 10 10 10 68 10 10 10 10 10 10 31 31 30 34 34 31 34 34 31 34 34 31 34 34 31 34 34 31 66 66 31 34 34 31 30 30 31 66 66 31 34 34 34 34 34 31 66 66 31 66 34 34 66 64 17 13 13 13 13 13 13 13 13 13 13 13 13 13 13 13 13 
13 13 13 13 13 13 13 13 13 13 13 13 13 13 13 13 18 65 10 10 10 10 10 10 10 10 27 27 10 10 10 67 68 10 10 10 10 10 10 67 10 30 34 34 30 34 34 30 34 34 30 34 34 30 34 34 30 30 30 30 34 34 30 30 30 30 30 30 30 30 30 30 30 30 30 30 30 30 30 34 34 30 64 17 13 13 13 13 13 13 13 13 13 13 13 13 13 13 13 13 
13 13 13 13 13 13 13 13 13 13 13 13 13 13 13 13 18 65 67 68 67 10 10 10 10 10 27 27 68 68 10 10 10 10 10 10 67 10 10 10 10 30 34 34 31 34 34 31 34 34 31 34 34 31 34 34 31 66 66 31 34 34 31 34 34 31 66 66 31 66 66 31 34 34 34 34 34 31 66 34 34 66 64 17 13 13 13 13 13 13 13 13 13 13 13 13 13 13 13 13 
13 13 13 13 13 13 13 13 13 13 13 13 13 13 13 13 18 65 10 68 68 10 10 10 10 10 27 27 67 10 10 10 68 68 10 10 10 10 10 10 10 30 34 34 34 34 34 31 34 34 10 34 34 31 34 34 31 66 66 31 34 34 34 34 34 34 66 66 31 66 66 31 34 34 34 34 34 31 66 34 34 66 64 17 13 13 13 13 13 13 13 13 13 13 13 13 13 13 13 13 
13 13 13 13 13 13 13 13 13 13 13 13 13 13 13 13 18 65 10 10 10 67 10 10 10 10 27 27 68 10 10 10 67 68 10 10 10 10 10 10 10 30 34 34 34 34 34 31 34 34 34 34 34 31 33 34 31 66 66 31 34 34 34 34 34 34 34 34 31 66 66 31 34 34 31 34 34 31 66 34 34 66 64 17 13 13 13 13 13 13 13 13 13 13 13 13 13 13 13 13 
13 13 13 13 13 13 13 13 13 13 13 13 13 13 13 13 18 65 10 10 67 10 10 10 10 67 27 27 10 10 10 10 68 10 10 10 67 10 10 10 10 30 34 34 34 34 34 31 34 34 34 34 34 31 33 33 31 66 66 31 34 34 31 66 66 31 34 34 31 66 66 31 34 34 31 34 34 31 66 34 34 66 64 17 13 13 13 13 13 13 13 13 13 13 13 13 13 13 13 13 
13 13 13 13 13 13 13 13 13 13 13 13 13 13 13 13 18 65 10 10 68 10 10 10 10 68 27 27 10 10 10 10 10 10 10 10 10 10 10 10 10 30 10 10 30 34 34 30 30 30 30 30 30 30 30 33 30 30 30 30 34 34 30 30 30 30 34 34 30 30 30 30 34 34 30 34 34 30 30 34 34 30 64 17 13 13 13 13 13 13 13 13 13 13 13 13 13 13 13 13 
13 13 13 13 13 13 13 13 13 13 13 13 13 13 13 13 18 65 31 31 31 31 31 31 31 31 27 27 31 31 31 31 31 31 31 31 31 31 31 31 31 31 31 31 31 34 34 34 34 34 34 34 34 31 66 66 31 66 66 31 34 34 31 66 66 31 34 34 31 31 31 31 34 34 31 34 34 34 34 34 34 34 64 17 13 13 13 13 13 13 13 13 13 13 13 13 13 13 13 13 
13 13 13 13 13 13 13 13 13 13 13 13 13 13 13 13 18 65 66 28 66 28 66 66 28 66 27 27 66 28 66 70 66 70 66 70 66 70 66 70 66 30 10 10 31 34 34 34 34 34 34 34 34 31 66 66 31 66 66 31 34 34 31 66 66 31 34 34 34 34 34 34 34 34 31 34 34 34 34 34 34 34 64 17 13 13 13 13 13 13 13 13 13 13 13 13 13 13 13 13 
13 13 13 13 13 13 13 13 13 13 13 13 13 13 13 13 18 65 30 10 30 10 30 30 10 30 27 27 30 10 30 10 30 10 30 10 30 10 30 10 30 30 10 10 31 34 34 34 34 34 34 34 34 31 66 66 31 66 66 31 34 34 31 66 66 31 34 34 34 34 34 34 34 34 31 34 34 31 34 34 34 34 64 17 13 13 13 13 13 13 13 13 13 13 13 13 13 13 13 13 
13 13 13 13 13 13 13 13 13 13 13 13 13 13 13 13 18 65 27 27 27 27 27 27 27 27 27 27 27 27 27 27 27 27 27 27 27 27 27 27 27 27 27 27 27 34 34 34 34 34 34 34 34 31 27 31 31 31 31 30 34 34 31 31 31 31 31 31 31 31 31 31 31 31 31 31 31 31 34 34 34 34 64 17 13 13 13 13 13 13 13 13 13 13 13 13 13 13 13 13 
13 13 13 13 13 13 13 13 13 13 13 13 13 13 13 13 18 10 10 10 10 10 10 10 10 10 10 10 10 10 10 10 10 10 10 10 10 10 10 10 10 10 10 10 10 10 10 10 10 10 10 10 10 10 10 10 10 10 10 10 10 10 10 10 10 10 10 10 10 10 10 10 10 10 10 10 10 10 10 10 10 10 10 17 13 13 13 13 13 13 13 13 13 13 13 13 13 13 13 13 
13 13 13 13 13 13 13 13 13 13 13 13 13 13 13 13 18 10 10 10 10 10 10 10 10 10 10 10 10 10 10 10 10 10 10 10 10 10 10 10 10 10 10 10 10 10 10 10 10 10 10 10 10 10 10 10 10 10 10 10 10 10 10 10 10 10 10 10 10 10 10 10 10 10 10 10 10 10 10 10 10 10 10 17 13 13 13 13 13 13 13 13 13 13 13 13 13 13 13 13 
13 13 13 13 13 13 13 13 13 13 13 13 13 13 13 13 18 10 10 10 10 10 10 10 10 10 10 10 10 10 10 10 10 10 10 10 10 10 10 10 10 10 10 10 10 10 10 10 10 10 10 10 10 10 11 10 10 10 10 10 10 10 10 10 10 10 10 10 10 10 10 10 10 10 10 10 10 10 10 10 10 10 10 17 13 13 13 13 13 13 13 13 13 13 13 13 13 13 13 13 
13 13 13 13 13 13 13 13 13 13 13 13 13 13 13 13 18 10 10 10 10 10 10 10 10 10 10 10 10 10 10 10 10 10 10 10 10 10 10 10 10 10 10 10 10 10 10 10 10 10 10 10 10 10 10 10 10 10 10 10 10 10 10 10 10 10 10 10 10 10 10 10 10 10 10 10 10 10 10 10 10 10 10 17 13 13 13 13 13 13 13 13 13 13 13 13 13 13 13 13 
13 13 13 13 13 13 13 13 13 13 13 13 13 13 13 13 18 10 10 10 10 10 10 10 10 10 10 10 10 10 10 10 10 10 10 10 10 10 10 10 10 10 10 10 10 10 10 10 10 10 10 10 10 10 10 10 10 10 10 10 10 10 10 10 10 10 10 10 10 10 10 10 10 10 10 10 10 10 10 10 10 10 10 17 13 13 13 13 13 13 13 13 13 13 13 13 13 13 13 13 
13 13 13 13 13 13 13 13 13 13 13 13 13 13 13 13 18 10 10 10 10 10 10 10 10 10 10 10 10 10 10 10 10 10 10 10 10 10 10 10 10 10 10 10 10 10 10 10 10 10 10 10 10 10 10 10 10 10 10 10 10 10 10 10 10 10 10 10 10 10 10 10 10 10 10 10 10 10 10 10 10 10 10 17 13 13 13 13 13 13 13 13 13 13 13 13 13 13 13 13 
13 13 13 13 13 13 13 13 13 13 13 13 13 13 13 13 24 15 15 15 15 15 15 15 15 15 15 15 15 15 15 15 15 15 15 15 15 15 15 15 15 15 15 15 15 15 15 15 15 15 15 15 15 15 10 10 10 10 10 10 10 10 10 10 10 10 10 10 10 10 10 10 10 10 10 10 10 10 10 10 10 10 10 17 13 13 13 13 13 13 13 13 13 13 13 13 13 13 13 13 
13 13 13 13 13 13 13 13 13 13 13 13 13 13 13 13 13 13 13 13 13 13 13 13 13 13 13 13 13 13 13 13 13 13 13 13 13 13 13 13 13 13 13 13 13 13 13 13 13 18 10 10 10 10 10 10 10 10 10 10 10 10 10 10 10 10 10 10 10 10 10 10 10 10 10 10 10 10 10 10 10 10 10 17 13 13 13 13 13 13 13 13 13 13 13 13 13 13 13 13 
79 79 79 79 79 79 79 79 79 79 79 79 79 79 79 79 79 79 79 79 79 79 79 79 79 79 79 79 79 79 79 79 79 79 79 79 79 79 79 79 79 79 79 79 79 79 79 79 13 94 84 85 89 87 95 84 85 86 87 88 84 85 86 87 95 84 85 86 87 88 84 85 86 86 88 84 85 85 86 87 89 85 87 96 13 13 13 13 13 13 13 13 13 13 13 13 13 13 13 13 
79 79 79 79 79 79 79 79 79 79 79 79 79 79 79 79 79 79 79 79 79 79 79 79 79 79 79 79 79 79 79 79 79 79 79 79 79 79 79 79 79 79 79 79 79 79 79 79 13 94 84 85 86 87 88 84 85 86 87 88 97 85 86 87 88 84 85 86 87 88 84 85 86 86 88 84 85 85 86 97 88 85 87 96 13 13 13 13 13 13 13 13 13 13 13 13 13 13 13 13 
79 79 79 79 79 79 79 79 79 79 79 79 79 79 79 79 79 79 79 79 79 79 79 79 79 79 79 79 79 79 79 79 79 79 79 79 79 79 79 79 79 79 79 79 79 79 79 79 13 94 84 85 86 90 88 84 85 86 87 88 84 85 86 87 88 84 85 97 87 88 84 85 86 86 90 84 85 85 86 89 88 85 87 96 13 13 13 13 13 13 13 13 13 13 13 13 13 13 13 13 
79 79 79 79 79 79 79 79 79 79 79 79 79 79 79 79 79 79 79 79 79 79 79 79 79 79 79 79 79 79 79 79 79 79 79 79 79 79 79 79 79 79 79 79 79 79 79 79 13 94 84 85 86 87 88 84 85 89 87 88 84 85 86 87 89 84 85 86 87 88 84 85 86 86 88 84 85 85 86 87 88 85 87 96 13 13 13 13 13 13 13 13 13 13 13 13 13 13 13 13 
79 79 79 79 79 79 79 79 79 79 79 79 79 79 79 79 79 79 79 79 79 79 79 79 79 79 79 79 79 79 79 79 79 79 79 79 79 79 79 79 79 79 79 79 79 79 79 79 13 94 84 85 86 87 88 84 85 86 87 88 84 85 86 87 88 84 85 86 87 88 84 85 86 86 88 84 85 85 86 87 95 85 87 96 13 13 13 13 13 13 13 13 13 13 13 13 13 13 13 13 
79 79 79 79 79 79 79 79 79 79 79 79 79 79 79 79 79 79 79 79 79 79 79 79 79 79 79 79 79 79 79 79 79 79 79 79 79 79 79 79 79 79 79 79 79 79 79 79 13 94 84 85 86 87 88 97 85 86 87 88 84 90 86 87 89 84 85 86 87 88 84 97 86 86 88 84 85 85 99 87 85 88 87 96 13 13 13 13 13 13 13 13 13 13 13 13 13 13 13 13 
79 79 79 79 79 79 79 79 79 79 79 79 79 79 79 79 79 79 76 77 80 77 80 77 78 79 79 79 79 79 79 79 79 79 79 79 79 79 79 79 79 79 79 79 79 79 79 79 13 94 84 85 86 87 88 84 85 86 87 88 84 85 86 99 88 84 85 86 87 88 90 85 97 86 88 84 89 85 99 87 85 88 87 96 13 13 13 13 13 13 13 13 13 13 13 13 13 13 13 13 
79 79 79 79 79 79 79 79 79 79 79 79 79 79 79 79 79 79 76 72 72 72 72 72 78 79 79 79 79 79 79 79 79 79 79 79 79 79 79 79 79 79 79 79 79 79 79 79 13 94 84 85 86 87 88 84 85 86 87 88 84 85 86 99 88 84 95 86 87 88 84 85 86 86 88 84 85 85 86 87 85 88 87 96 13 13 13 13 13 13 13 13 13 13 13 13 13 13 13 13 
79 79 79 79 79 79 79 79 79 79 79 79 79 79 79 79 79 79 76 72 72 72 72 72 78 79 79 79 77 77 80 77 80 77 77 78 79 79 79 79 79 79 79 79 79 79 79 79 13 94 84 85 95 87 88 84 85 86 87 97 84 89 86 87 88 84 85 86 87 88 84 85 89 86 88 84 85 85 86 87 85 88 87 96 13 13 13 13 13 13 13 13 13 13 13 13 13 13 13 13 
79 79 79 79 79 79 79 79 79 79 79 79 79 79 79 79 79 79 76 72 72 72 72 72 77 77 80 77 72 72 72 72 72 72 72 78 79 79 76 77 80 78 79 79 79 79 79 79 13 94 84 85 86 87 88 84 85 86 87 88 84 85 86 87 88 84 85 86 87 88 84 85 86 86 88 84 85 85 97 87 85 88 87 96 13 13 13 13 13 13 13 13 13 13 13 13 13 13 13 13 
79 79 79 79 79 79 79 79 79 79 79 79 79 79 79 79 79 79 76 72 72 72 72 72 72 72 72 72 72 72 72 72 72 72 72 78 79 79 76 72 72 78 79 79 79 79 79 79 13 94 84 101 89 87 88 84 85 86 87 88 84 85 86 87 88 84 90 86 87 99 84 85 86 86 88 84 85 85 86 87 85 88 87 96 13 13 13 13 13 13 13 13 13 13 13 13 13 13 13 13 
79 79 79 79 79 79 79 79 79 79 79 79 79 79 79 79 79 79 76 72 72 72 72 72 82 82 83 82 72 72 72 72 72 72 72 78 79 79 76 72 72 78 79 79 79 79 79 79 13 94 84 100 86 87 88 90 85 86 87 88 84 85 89 87 88 84 85 86 87 99 84 85 86 90 88 84 101 85 86 87 85 87 87 96 13 13 13 13 13 13 13 13 13 13 13 13 13 13 13 13 
79 79 79 79 79 79 79 79 79 79 79 79 79 79 79 79 79 79 76 82 83 82 83 82 79 79 79 76 72 72 72 72 72 72 72 77 77 77 77 72 72 78 79 79 79 79 79 79 13 94 84 85 86 87 88 84 85 86 87 97 84 85 86 87 88 84 85 86 87 88 84 85 86 86 88 84 100 89 86 87 88 87 87 96 13 13 13 13 13 13 13 13 13 13 13 13 13 13 13 13 
79 79 79 79 79 79 79 79 79 79 79 79 79 79 79 79 79 79 79 79 79 79 79 79 79 79 79 76 72 72 72 72 72 72 72 72 72 72 72 72 72 78 79 79 79 79 79 79 13 94 84 85 86 87 88 84 85 86 87 88 84 85 86 87 88 95 85 86 87 88 84 85 86 86 88 84 85 85 86 87 97 87 87 96 13 13 13 13 13 13 13 13 13 13 13 13 13 13 13 13 
79 79 79 79 79 79 79 79 79 79 79 79 79 79 79 79 79 79 79 79 79 79 79 79 79 79 79 76 72 72 72 72 72 72 72 82 82 82 82 72 72 78 79 79 79 79 79 79 13 94 84 85 86 87 88 90 85 86 87 88 84 85 86 87 88 84 85 86 87 97 84 85 86 86 88 84 85 85 86 87 88 87 87 96 13 13 13 13 13 13 13 13 13 13 13 13 13 13 13 13 
79 79 79 79 79 79 79 79 79 79 79 79 79 79 79 79 79 79 79 79 79 79 79 79 79 79 79 76 82 82 83 72 83 82 82 79 79 79 76 72 72 78 79 79 79 79 79 79 13 94 84 85 97 87 88 84 85 86 87 88 84 85 90 87 88 89 85 86 87 88 84 85 86 86 88 84 97 85 86 87 88 87 87 96 13 13 13 13 13 13 13 13 13 13 13 13 13 13 13 13 
79 79 79 79 79 79 79 79 79 79 79 79 79 79 79 79 79 79 79 79 79 79 79 79 79 79 79 79 79 79 76 72 78 79 79 79 79 79 76 72 72 78 79 79 79 79 79 79 13 94 84 85 86 87 88 84 85 95 87 88 84 85 86 87 88 84 89 86 87 88 84 85 86 86 84 84 85 85 86 87 88 87 87 96 13 13 13 13 13 13 13 13 13 13 13 13 13 13 13 13 
79 79 79 79 79 79 79 79 79 79 79 79 79 79 79 79 79 79 79 79 79 79 79 79 79 79 79 79 79 79 76 72 78 79 79 79 79 79 76 82 83 78 79 79 79 79 79 79 13 94 84 85 86 87 88 84 85 86 87 88 84 85 86 87 88 84 85 86 87 88 84 85 86 86 84 84 85 85 86 87 88 87 87 96 13 13 13 13 13 13 13 13 13 13 13 13 13 13 13 13 
79 79 79 79 79 79 79 79 79 79 79 79 79 79 79 79 79 79 79 79 76 77 80 77 77 77 77 77 77 80 77 72 80 77 78 79 79 79 79 79 79 79 79 79 79 79 79 79 13 94 84 85 86 87 88 84 85 86 87 88 84 85 86 87 88 101 85 86 87 88 84 85 86 86 84 84 85 85 86 87 95 87 87 96 13 13 13 13 13 13 13 13 13 13 13 13 13 13 13 13 
79 79 79 79 79 79 79 79 79 79 79 79 79 79 79 79 79 79 79 79 76 72 72 72 72 72 72 72 72 72 72 72 72 72 78 79 79 79 79 79 79 79 79 79 79 79 79 79 13 94 84 85 86 87 88 84 85 86 87 88 84 85 86 87 88 100 85 86 90 88 84 85 97 86 84 84 85 85 86 87 88 85 87 96 13 13 13 13 13 13 13 13 13 13 13 13 13 13 13 13 
79 79 79 79 79 79 79 79 79 79 79 79 79 79 79 79 79 79 79 79 76 74 72 72 72 72 72 72 72 72 72 72 72 72 78 79 79 79 79 79 79 79 79 79 79 79 79 79 13 94 84 85 86 87 88 84 85 86 87 88 84 97 86 87 88 84 85 86 87 88 84 85 86 86 84 84 85 85 86 101 88 85 87 96 13 13 13 13 13 13 13 13 13 13 13 13 13 13 13 13 
79 79 79 79 79 79 79 79 79 79 79 79 79 79 79 79 79 79 79 79 76 74 72 72 72 72 72 72 72 72 72 72 72 72 78 79 79 79 79 79 79 79 79 79 79 79 79 79 13 94 84 85 86 87 88 90 85 86 87 88 84 85 86 87 88 84 85 86 87 88 84 85 86 86 84 84 85 85 86 100 88 85 87 96 13 13 13 13 13 13 13 13 13 13 13 13 13 13 13 13 
79 79 79 79 79 79 79 79 79 79 79 79 79 79 79 79 79 79 79 79 76 74 72 72 72 72 72 72 72 72 72 72 72 72 78 79 79 79 77 77 80 78 79 79 79 79 79 79 13 94 84 85 86 87 88 84 85 86 87 88 84 85 86 89 88 84 85 86 87 88 84 85 86 86 84 84 97 85 86 87 88 85 87 96 13 13 13 13 13 13 13 13 13 13 13 13 13 13 13 13 
79 79 79 79 79 79 79 79 79 79 79 79 79 79 79 79 79 79 79 79 76 72 72 72 72 72 72 72 72 72 72 72 72 72 77 77 77 77 75 75 75 78 79 79 79 79 79 79 13 94 84 95 86 87 88 84 85 101 87 88 84 85 86 87 88 84 85 86 87 88 84 85 86 89 88 84 85 85 86 87 88 85 90 96 13 13 13 13 13 13 13 13 13 13 13 13 13 13 13 13 
79 79 79 79 79 79 79 79 79 79 79 79 79 79 79 79 79 79 79 79 76 72 72 72 72 72 72 72 72 72 72 72 72 75 75 75 75 75 75 75 75 78 79 79 79 79 79 79 13 94 84 85 86 87 88 84 85 100 87 88 84 85 86 87 88 97 85 86 87 97 84 85 86 86 88 84 85 85 86 87 99 85 87 96 13 13 13 13 13 13 13 13 13 13 13 13 13 13 13 13 
79 79 79 79 79 79 79 79 79 79 79 79 79 79 79 79 79 79 79 79 76 72 72 72 72 72 72 72 72 72 72 72 72 72 82 82 82 82 75 75 75 78 79 79 79 79 79 79 13 94 84 85 86 87 88 84 85 86 87 88 90 85 86 87 88 84 85 86 87 88 84 85 86 95 88 84 85 85 86 87 99 85 87 96 13 13 13 13 13 13 13 13 13 13 13 13 13 13 13 13 
79 79 79 79 79 79 79 79 79 79 79 79 79 79 79 79 79 79 79 79 76 82 83 82 82 75 75 82 82 83 82 82 83 82 79 79 79 76 75 75 75 78 79 79 79 79 79 79 13 94 84 85 86 87 88 84 85 86 87 88 84 85 86 87 88 84 99 86 87 88 85 85 86 86 88 84 85 85 86 89 88 85 87 96 13 13 13 13 13 13 13 13 13 13 13 13 13 13 13 13 
79 79 79 79 79 79 79 79 79 79 79 79 79 79 79 79 79 79 79 79 79 79 79 79 76 75 75 78 79 79 79 79 79 79 79 79 79 76 75 75 75 78 79 79 79 79 79 79 13 94 84 85 86 87 97 84 85 86 87 88 84 85 86 87 89 84 99 86 87 88 85 85 89 86 88 90 85 85 86 87 88 85 87 96 13 13 13 13 13 13 13 13 13 13 13 13 13 13 13 13 
79 79 79 79 79 79 79 79 79 79 79 79 79 79 79 79 79 79 79 79 79 79 79 79 76 75 75 78 79 79 79 79 79 79 79 79 79 76 75 75 75 78 79 79 79 79 79 79 13 94 84 85 86 87 88 84 85 86 87 97 84 85 86 87 88 84 85 86 87 88 85 85 86 86 88 84 85 85 86 87 88 85 87 96 13 13 13 13 13 13 13 13 13 13 13 13 13 13 13 13 
79 79 79 79 79 79 79 79 79 79 79 79 79 79 79 79 79 79 79 79 79 79 79 79 76 75 75 78 79 79 79 79 79 79 79 79 79 76 75 75 75 78 79 79 79 79 79 79 13 94 84 97 86 87 88 84 85 86 87 97 84 85 86 87 88 84 85 86 87 88 85 85 86 86 88 84 85 85 86 97 88 85 87 96 13 13 13 13 13 13 13 13 13 13 13 13 13 13 13 13 
79 79 79 79 79 79 79 79 79 79 79 79 79 79 79 79 79 79 79 79 76 77 77 77 80 75 75 80 77 77 77 77 78 79 79 79 79 76 82 82 83 78 79 79 79 79 79 79 13 94 84 85 86 87 88 84 85 86 87 88 84 85 86 87 88 84 85 86 97 88 84 85 86 89 97 84 85 85 86 87 88 85 87 96 13 13 13 13 13 13 13 13 13 13 13 13 13 13 13 13 
79 79 79 79 79 79 79 79 79 79 79 79 79 79 79 79 79 79 79 79 76 75 75 75 75 75 75 75 75 75 75 75 78 79 79 79 79 79 79 79 79 79 79 79 79 79 79 79 13 94 84 85 86 87 88 95 85 86 87 88 84 85 86 87 88 84 85 86 87 88 84 85 86 86 88 84 85 85 86 87 88 85 87 96 13 13 13 13 13 13 13 13 13 13 13 13 13 13 13 13 
79 79 79 79 79 79 79 79 79 79 79 79 79 79 79 79 79 79 79 79 76 75 75 75 75 75 75 75 75 75 75 75 78 79 79 79 79 79 79 79 79 79 79 79 79 79 79 79 13 92 93 93 93 93 93 93 93 93 93 93 93 93 93 93 93 93 93 93 93 93 93 93 93 93 93 93 93 93 93 93 93 93 93 91 13 13 13 13 13 13 13 13 13 13 13 13 13 13 13 13 
79 79 79 79 79 79 79 79 79 79 79 79 79 79 79 79 79 79 79 79 76 75 75 75 75 75 75 75 75 75 75 75 78 79 79 79 79 79 79 79 79 79 79 79 79 79 79 79 13 13 13 13 13 13 13 13 13 13 13 13 13 13 13 13 13 13 13 13 13 13 13 13 13 13 13 13 13 13 13 13 13 13 13 13 13 13 13 13 13 13 13 13 13 13 13 13 13 13 13 13 
79 79 79 79 79 79 79 79 79 79 79 79 79 79 79 79 79 79 79 79 76 75 75 75 75 75 75 75 75 75 75 75 78 79 79 79 79 79 79 79 79 79 79 79 79 79 79 79 13 13 13 13 13 13 13 13 13 13 13 13 13 13 13 13 13 13 13 13 13 13 13 13 13 13 13 13 13 13 13 13 13 13 13 13 13 13 13 13 13 13 13 13 13 13 13 13 13 13 13 13 
79 79 79 79 79 79 79 79 79 79 79 79 79 79 79 79 79 79 79 79 76 75 75 75 75 75 75 75 75 75 75 75 78 79 79 79 79 79 79 79 79 79 79 79 79 79 79 79 13 13 13 13 13 13 13 13 13 13 13 13 13 13 13 13 13 13 13 13 13 13 13 13 13 13 13 13 13 13 13 13 13 13 13 13 13 13 13 13 13 13 13 13 13 13 13 13 13 13 13 13 
79 79 79 79 79 79 79 79 79 79 79 79 79 79 79 79 79 79 79 79 76 82 82 82 83 82 82 83 82 82 82 82 78 79 79 79 79 79 79 79 79 79 79 79 79 79 79 79 13 13 13 13 13 13 13 13 13 13 13 13 13 13 13 13 13 13 13 13 13 13 13 13 13 13 13 13 13 13 13 13 13 13 13 13 13 13 13 13 13 13 13 13 13 13 13 13 13 13 13 13 
79 79 79 79 79 79 79 79 79 79 79 79 79 79 79 79 79 79 79 79 79 79 79 79 79 79 79 79 79 79 79 79 79 79 79 79 79 79 79 79 79 79 79 79 79 79 79 79 13 13 13 13 13 13 13 13 13 13 13 13 13 13 13 13 13 13 13 13 13 13 13 13 13 13 13 13 13 13 13 13 13 13 13 13 13 13 13 13 13 13 13 13 13 13 13 13 13 13 13 13 
79 79 79 79 79 79 79 79 79 79 79 79 79 79 79 79 79 79 79 79 79 79 79 79 79 79 79 79 79 79 79 79 79 79 79 79 79 79 79 79 79 79 79 79 79 79 79 79 13 13 13 13 13 13 13 13 13 13 13 13 13 13 13 13 13 13 13 13 13 13 13 13 13 13 13 13 13 13 13 13 13 13 13 13 13 13 13 13 13 13 13 13 13 13 13 13 13 13 13 13 
79 79 79 79 79 79 79 79 79 79 79 79 79 79 79 79 79 79 79 79 79 79 79 79 79 79 79 79 79 79 79 79 79 79 79 79 79 79 79 79 79 79 79 79 79 79 79 79 13 13 13 13 13 13 13 13 13 13 13 13 13 13 13 13 13 13 13 13 13 13 13 13 13 13 13 13 13 13 13 13 13 13 13 13 13 13 13 13 13 13 13 13 13 13 13 13 13 13 13 13 
79 79 79 79 79 79 79 79 79 79 79 79 79 79 79 79 79 79 79 79 79 79 79 79 79 79 79 79 79 79 79 79 79 79 79 79 79 79 79 79 79 79 79 79 79 79 79 79 13 13 13 13 13 13 13 13 13 13 13 13 13 13 13 13 13 13 13 13 13 13 13 13 13 13 13 13 13 13 13 13 13 13 13 13 13 13 13 13 13 13 13 13 13 13 13 13 13 13 13 13 
79 79 79 79 79 79 79 79 79 79 79 79 79 79 79 79 79 79 79 79 79 79 79 79 79 79 79 79 79 79 79 79 79 79 79 79 79 79 79 79 79 79 79 79 79 79 79 79 13 13 13 13 13 13 13 13 13 13 13 13 13 13 13 13 13 13 13 13 13 13 13 13 13 13 13 13 13 13 13 13 13 13 13 13 13 13 13 13 13 13 13 13 13 13 13 13 13 13 13 13 
71 71 71 71 71 71 71 71 71 71 71 71 71 71 71 71 71 71 71 71 71 71 71 71 71 71 71 71 71 71 71 71 71 71 71 71 71 71 71 71 71 71 71 71 71 71 71 71 10 10 10 10 10 10 10 10 10 10 10 10 10 10 10 10 10 10 10 10 10 10 10 10 10 10 10 10 10 10 10 10 10 10 10 10 10 10 10 10 10 10 10 10 10 10 10 10 10 10 10 10 
